9.221986029286057818e-01
1.949501957678512198e+00
2.502499999999999503e+00
1.949501957678512198e+00
9.221986029286057818e-01
2.659980614046608127e-01
4.828909722183544889e-02
7.326135340569273416e-03
2.808524510216698928e-03
2.511962793480322642e-03
2.500281337936798368e-03
2.500004013070137969e-03
2.500004013070137969e-03
2.088178880526122497e-03
1.744193615001607585e-03
1.456872969544583622e-03
1.216882593270872176e-03
1.016425780944058390e-03
8.489901769330107650e-04
7.091362045729292024e-04
5.923203475130176237e-04
4.947475418903964041e-04
4.132478839099985759e-04
3.451736473587652771e-04
2.883132654029556914e-04
2.408194821458010395e-04
2.011493397638762623e-04
1.680140515498107468e-04
1.403371323580747312e-04
1.172194262135807356e-04
9.790989491492561219e-05
8.178121862484534097e-05
6.830941577024603054e-05
5.705682015179388135e-05
4.765786223064379107e-05
3.980719266079913224e-05
3.324976222947489729e-05
2.777253592678803599e-05
2.319757195499539770e-05
1.937624083107720671e-05
1.618439677532956808e-05
1.351834451609344376e-05
1.129147048188778220e-05
9.431428936550540883e-06
7.877791641742960390e-06
6.580084690052595720e-06
5.496148730164303365e-06
4.590769311792132833e-06
3.834532853600995226e-06
3.202871067290769515e-06
2.675262793499008770e-06
2.234567319106627783e-06
1.866467517042912651e-06
1.559004717552704756e-06
1.302190200021418313e-06
1.087680683669577320e-06
9.085072745966440639e-07
7.588490633210176897e-07
6.338440175493923226e-07
5.294310265402511261e-07
4.422179654659616405e-07
3.693714935046164845e-07
3.085250054688983911e-07
2.577017465436706569e-07
2.152505923165859245e-07
1.797924077506762992e-07
1.501752424320490707e-07
1.254369064949564401e-07
1.047737114068182708e-07
8.751436007711671934e-08
7.309813804313549179e-08
6.105669721706014832e-08
5.099884039256786923e-08
4.259781219642981407e-08
3.558068359896960212e-08
2.971948511186892716e-08
2.482380061242491829e-08
2.073458118557143123e-08
1.731897801039643677e-08
1.446602642417100707e-08
